 id  | user_id | product_id 
-----+---------+------------
   1 |      89 |        341
   2 |      89 |        163
   3 |      89 |        440
   9 |      16 |        464
  10 |      16 |        143
  13 |      63 |        255
  14 |      63 |        454
  15 |      63 |        272
  16 |      63 |        500
  17 |      63 |        400
  28 |      89 |         34
  29 |      89 |         94
  39 |      45 |        387
  40 |      45 |        112
  41 |      45 |        156
  42 |      45 |         51
  43 |      30 |        262
  44 |      30 |        161
  55 |      28 |        344
  56 |      28 |        430
  57 |      28 |        261
  58 |      28 |        141
  61 |      28 |         30
  62 |      28 |        458
  63 |      28 |        391
  64 |      28 |        240
  65 |      44 |        284
  66 |      44 |         52
  67 |      44 |        335
  68 |      73 |        232
  69 |      73 |        460
  70 |      73 |        123
  71 |      73 |        329
  76 |      50 |        251
  77 |      50 |         58
  78 |      15 |        101
  79 |      15 |        450
  80 |      15 |        278
  81 |      49 |        179
  82 |      49 |         11
  83 |      49 |        162
  84 |      49 |         45
  90 |       6 |         92
  91 |       6 |         10
  92 |       6 |        220
  93 |       6 |        444
  94 |       6 |        431
  95 |      95 |        104
  96 |      95 |        332
  97 |      94 |         23
  98 |      94 |        266
  99 |      94 |        150
 100 |      94 |        246
 101 |      94 |        419
 105 |       6 |        106
 106 |       6 |         12
 107 |       6 |        324
 108 |      10 |        310
 109 |      10 |         10
 110 |      10 |         99
 111 |      10 |        321
 120 |      10 |         24
 121 |      10 |        114
 122 |      10 |        416
 123 |      10 |          1
 124 |      10 |         71
 125 |      58 |         32
 126 |      58 |        383
 127 |      58 |        374
 128 |      58 |         32
 129 |      58 |        492
 137 |      32 |         94
 138 |      32 |         32
 139 |      32 |          6
 140 |      32 |        115
 141 |      32 |         87
 142 |      95 |        168
 143 |      95 |        223
 146 |      64 |         58
 147 |      64 |          1
 148 |      28 |        331
 149 |      28 |         18
 174 |      92 |        278
 175 |      92 |        184
 176 |      92 |        377
 177 |      92 |        468
 178 |      92 |        181
 179 |      69 |         87
 180 |      69 |        355
 181 |      69 |        480
 182 |      69 |        327
 193 |       5 |        164
 194 |       5 |         21
 195 |       5 |        268
 196 |      76 |        201
 197 |      76 |        432
 198 |      76 |        148
 199 |      76 |         61
 200 |      76 |        116
 201 |      19 |        326
 202 |      19 |        121
 203 |      19 |        143
 204 |      31 |        383
 205 |      31 |        439
 206 |      31 |        160
 207 |      31 |          1
 208 |      31 |        455
 209 |      84 |        316
 210 |      84 |         58
 211 |      84 |        342
 212 |      84 |        492
 213 |      84 |        463
 219 |      74 |        291
 220 |      74 |        388
 221 |      74 |         19
 232 |      76 |        129
 233 |      76 |        232
 234 |      76 |         17
 235 |      76 |        268
 236 |      76 |        399
 240 |      94 |        151
 241 |      94 |        265
 242 |       5 |        408
 243 |       5 |          4
 244 |       5 |        494
 245 |       5 |        453
 246 |       5 |         47
 250 |      60 |        410
 251 |      60 |        247
 252 |      60 |        274
 253 |      60 |         88
 254 |      60 |        419
 257 |      33 |         95
 258 |      33 |        421
 259 |      33 |        105
 260 |      33 |        383
 261 |      33 |        330
 262 |      77 |        474
 263 |      77 |         77
 264 |      77 |        408
 272 |      13 |        125
 273 |      13 |        435
 274 |      13 |        354
 275 |      94 |        272
 276 |      94 |        230
 277 |      94 |        131
 278 |      94 |        379
 279 |      15 |         54
 280 |      15 |        494
 281 |      14 |        280
 282 |      14 |        425
 283 |      14 |        290
 284 |      14 |        104
 285 |      21 |        247
 286 |      21 |        481
 287 |      21 |        167
 288 |      21 |        451
 289 |      14 |        216
 290 |      14 |        345
 291 |      14 |        243
 314 |       5 |        220
 315 |       5 |        102
 316 |      13 |        260
 317 |      13 |        242
 318 |      32 |         70
 319 |      32 |        319
 320 |      32 |        207
 321 |      12 |        258
 322 |      12 |        107
 323 |      12 |        341
 324 |      12 |          9
 325 |      12 |        462
 326 |      40 |         53
 327 |      40 |        419
 328 |      46 |          7
 329 |      46 |        246
 330 |      40 |         57
 331 |      40 |        239
 332 |      40 |        410
 333 |      74 |         62
 334 |      74 |        225
 335 |      85 |        413
 336 |      85 |        257
 337 |      85 |        356
 343 |      10 |        362
 344 |      10 |        123
 345 |      40 |        174
 346 |      40 |        354
 347 |      40 |        155
 348 |      40 |        383
 349 |      40 |         70
 353 |       5 |        422
 354 |       5 |        158
 355 |       5 |        186
 356 |       5 |        396
 357 |      70 |          4
 358 |      70 |        400
 359 |      21 |        164
 360 |      21 |        462
 361 |      21 |        385
 362 |      84 |         68
 363 |      84 |        439
 366 |       7 |        404
 367 |       7 |        116
 368 |       7 |        428
 369 |       7 |        104
 370 |       7 |          2
 371 |      33 |         85
 372 |      33 |        387
 373 |      92 |         73
 374 |      92 |         70
 375 |      92 |        354
 376 |      92 |         10
 377 |      26 |          4
 378 |      26 |        384
 379 |      26 |        276
 380 |      63 |        273
 381 |      63 |        456
 382 |      96 |        225
 383 |      96 |        398
 384 |      96 |         60
 385 |      96 |        231
 386 |      96 |         54
 393 |      92 |        220
 394 |      92 |        444
 395 |      92 |        397
 396 |      92 |        395
 397 |      92 |        136
 398 |      15 |        166
 399 |      15 |        450
 400 |      15 |        348
 401 |      15 |        266
 402 |      68 |        220
 403 |      68 |        213
 404 |      68 |        482
 405 |      68 |        364
 406 |      68 |        175
 412 |      31 |        394
 413 |      31 |        195
 414 |      31 |        229
 415 |      31 |        227
 416 |      31 |        249
 417 |      17 |        429
 418 |      17 |        288
 419 |      19 |        130
 420 |      19 |        267
 421 |      19 |        247
 422 |      19 |        420
 423 |      49 |        105
 424 |      49 |        302
 425 |      98 |        357
 426 |      98 |        481
 427 |      98 |         24
 428 |      64 |         62
 429 |      64 |        243
 430 |      64 |        488
 431 |      71 |        431
 432 |      71 |        157
 433 |      30 |        445
 434 |      30 |        164
 435 |      30 |         99
 436 |      19 |         14
 437 |      19 |        491
 438 |      19 |        447
 439 |      19 |        162
 440 |      19 |        474
 441 |      19 |        140
 442 |      19 |        260
 443 |      19 |        385
 444 |      59 |         30
 445 |      59 |        370
 446 |      59 |        274
 447 |      68 |        143
 448 |      68 |        222
 449 |      68 |        299
 450 |      68 |        215
 451 |      68 |        126
 452 |      93 |        417
 453 |      93 |         73
 454 |      93 |         83
 455 |      90 |        479
 456 |      90 |         12
 457 |      90 |        190
 458 |      90 |         39
 459 |      90 |        153
 465 |      49 |        379
 466 |      49 |        471
 467 |      49 |         47
 468 |      46 |        408
 469 |      46 |        204
 470 |      46 |         18
 471 |      96 |        410
 472 |      96 |         24
 473 |      96 |        497
 474 |      96 |        219
 475 |      96 |        197
 476 |      98 |        142
 477 |      98 |        453
 483 |      87 |         43
 484 |      87 |        351
 485 |      87 |        145
 486 |      87 |        102
 487 |      15 |        118
 488 |      15 |        116
 489 |      22 |        117
 490 |      22 |        164
 491 |      22 |        188
 492 |      59 |        406
 493 |      59 |        369
 494 |      59 |        364
 495 |      59 |        129
 496 |      16 |          7
 497 |      16 |        314
 500 |      64 |          9
 501 |      64 |        254
 502 |      64 |        291
 503 |      64 |        129
 504 |      64 |        390
 505 |      68 |        132
 506 |      68 |        245
 507 |      92 |        291
 508 |      92 |        441
 509 |      92 |         82
 512 |      10 |        444
 513 |      10 |        210
 514 |      21 |        496
 515 |      21 |         94
 516 |      21 |        408
 517 |      12 |        222
 518 |      12 |        154
 519 |      12 |        456
 522 |      60 |          9
 523 |      60 |        344
 524 |      60 |        432
 525 |      60 |         11
 530 |      74 |         40
 531 |      74 |          6
 532 |      74 |        354
 533 |      74 |        256
 534 |      74 |        138
 535 |       6 |        428
 536 |       6 |        206
 537 |       6 |        493
 538 |       6 |        344
 539 |       6 |        298
 540 |      69 |        491
 541 |      69 |        367
 542 |      69 |        430
 543 |      69 |        153
 544 |      89 |        237
 545 |      89 |        159
 546 |      89 |        372
 547 |      89 |        173
 548 |      93 |        483
 549 |      93 |        398
 550 |      93 |         79
 551 |      93 |        493
 552 |      76 |         44
 553 |      76 |        271
 554 |      85 |        359
 555 |      85 |        233
 556 |      85 |        478
 557 |      85 |        489
 558 |      40 |        313
 559 |      40 |        303
 560 |      40 |        322
 561 |      40 |        400
 562 |      40 |         88
 563 |      62 |         97
 564 |      62 |          3
 565 |      62 |         10
 566 |      60 |        101
 567 |      60 |        230
 568 |      60 |         70
 569 |      19 |        397
 570 |      19 |        493
 571 |      19 |        482
 572 |      19 |        465
 573 |      19 |        481
 574 |      17 |        403
 575 |      17 |        299
 576 |      17 |        189
 577 |       8 |        266
 578 |       8 |        249
 579 |       8 |        127
 580 |       8 |        310
 581 |      96 |        399
 582 |      96 |        478
 583 |      96 |        120
 584 |      96 |        416
 587 |      71 |        191
 588 |      71 |        215
 589 |      71 |        310
 590 |      71 |        239
 591 |      35 |         77
 592 |      35 |        251
 598 |      62 |        402
 599 |      62 |        187
 600 |      15 |         62
 601 |      15 |        301
 602 |      15 |        350
 607 |      98 |         79
 608 |      98 |        129
 609 |      98 |         97
 610 |      98 |        452
 611 |      98 |         83
 612 |      57 |        456
 613 |      57 |        296
 614 |      57 |        476
 615 |      57 |        437
 616 |      60 |        442
 617 |      60 |        254
 618 |      60 |         67
 619 |      17 |        460
 620 |      17 |        379
 621 |      17 |         40
 622 |      17 |         51
 623 |      17 |        470
 629 |      68 |        493
 630 |      68 |        122
 631 |      68 |        275
 632 |      92 |         13
 633 |      92 |        258
 634 |      92 |        458
 635 |      92 |        253
 636 |      50 |        206
 637 |      50 |          5
 638 |      50 |        212
 639 |      50 |         83
 640 |      90 |        130
 641 |      90 |        179
 642 |      90 |        158
 643 |      90 |        273
 644 |      90 |         14
 645 |      60 |         55
 646 |      60 |        483
 649 |      47 |        262
 650 |      47 |        297
 651 |      47 |         22
 652 |      47 |        286
 657 |       7 |        476
 658 |       7 |        154
 659 |       7 |        106
 660 |       7 |        224
 665 |      28 |         20
 666 |      28 |        389
 667 |      26 |        125
 668 |      26 |         99
 669 |      26 |        126
 670 |      26 |         97
 671 |       8 |         17
 672 |       8 |        241
 673 |       8 |        150
 674 |       8 |        251
 675 |      47 |        492
 676 |      47 |         63
 677 |      47 |        365
 678 |      47 |        391
 679 |      47 |        125
 680 |      21 |        334
 681 |      21 |        164
 682 |      21 |        397
 683 |      21 |        215
(463 rows)

